time,accx,accy,accz
9,  1244, -6259,-14705
16,  1246, -6261,-14709
22,  1243, -6262,-14709
28,  1248, -6264,-14709
34,  1256, -6266,-14714
44,  1258, -6267,-14718
50,  1258, -6262,-14715
56,  1269, -6264,-14713
62,  1270, -6266,-14718
68,  1269, -6264,-14714
74,  1270, -6258,-14713
81,  1270, -6259,-14707
86,  1270, -6261,-14704
93,  1264, -6262,-14705
99,  1260, -6261,-14713
105,  1262, -6258,-14723
112,  1258, -6257,-14718
118,  1263, -6261,-14720
125,  1263, -6263,-14718
132,  1263, -6266,-14715
139,  1283, -6281,-14692
144,  1348, -6308,-14617
150,  1375, -6333,-14536
156,  1308, -6299,-14603
161,  1299, -6301,-14590
167,  1286, -6292,-14572
173,  1469, -6365,-14295
179,  1377, -6254,-14360
185,  1047, -6052,-14683
191,   602, -6035,-15044
197,   432, -5972,-15172
203,   481, -5978,-15086
209,   570, -6001,-14969
215,   646, -5984,-14902
221,   700, -5898,-14864
227,   732, -5992,-14835
233,   804, -6120,-14746
239,   869, -6181,-14672
245,   890, -6207,-14655
251,   922, -6205,-14636
257,   947, -6207,-14618
263,   901, -6176,-14668
269,   827, -6133,-14741
275,   742, -6091,-14824
281,   723, -6080,-14824
287,   717, -6070,-14810
293,   713, -6067,-14806
299,   721, -6068,-14793
305,   736, -6069,-14775
311,   741, -6068,-14773
318,   762, -6079,-14747
324,   781, -6092,-14719
329,   784, -6093,-14710
335,   777, -6092,-14707
341,   732, -6094,-14734
347,   579, -6022,-14881
357,   496, -5971,-14985
368,   549, -5990,-14921
378,   704, -6055,-14736
387,   725, -6061,-14671
397,   697, -6049,-14722
407,   704, -6052,-14729
418,   717, -6059,-14731
427,   721, -6065,-14741
438,   717, -6065,-14756
447,   711, -6067,-14759
458,   703, -6060,-14778
467,   687, -6052,-14791
477,   681, -6049,-14779
488,   680, -6042,-14784
497,   678, -6039,-14783
519,   686, -6042,-14761
525,   689, -6048,-14759
531,   683, -6052,-14760
537,   684, -6050,-14767
548,   684, -6052,-14763
558,   680, -6050,-14771
567,   678, -6049,-14788
580,   674, -6046,-14769
590,   680, -6043,-14759
598,   689, -6041,-14762
612,   685, -6041,-14773
620,   688, -6046,-14754
628,   691, -6051,-14776
637,   690, -6048,-14788
648,   699, -6056,-14771
657,   700, -6058,-14776
667,   692, -6053,-14772
678,   674, -6046,-14808
689,   667, -6042,-14818
698,   686, -6053,-14773
707,   706, -6064,-14768
721,   719, -6062,-14781
728,   730, -6065,-14764
742,   733, -6067,-14766
749,   735, -6064,-14773
764,   736, -6064,-14764
770,   740, -6066,-14752
777,   754, -6065,-14743
788,   755, -6068,-14742
797,   759, -6076,-14731
808,   752, -6074,-14735
817,   750, -6070,-14762
828,   736, -6069,-14781
837,   712, -6064,-14801
854,   712, -6067,-14806
862,   750, -6079,-14766
870,   778, -6086,-14752
877,   770, -6084,-14765
888,   755, -6072,-14785
898,   751, -6070,-14773
907,   741, -6063,-14788
918,   735, -6056,-14799
928,   745, -6058,-14791
938,   767, -6066,-14775
948,   778, -6073,-14759
957,   770, -6076,-14768
968,   764, -6079,-14774
978,   765, -6080,-14767
992,   759, -6075,-14778
998,   764, -6080,-14774
1009,   769, -6080,-14771
1018,   768, -6077,-14777
1028,   775, -6076,-14773
1038,   769, -6076,-14775
1048,   769, -6079,-14774
1058,   770, -6082,-14772
1068,   773, -6082,-14772
1078,   776, -6085,-14771
1088,   773, -6077,-14782
1098,   775, -6075,-14783
1108,   785, -6081,-14775
1118,   784, -6085,-14770
1128,   773, -6081,-14780
1138,   768, -6078,-14787
1148,   763, -6074,-14792
1158,   773, -6073,-14786
1168,   792, -6077,-14774
1178,   818, -6094,-14747
1188,   827, -6103,-14749
1198,   827, -6103,-14752
1208,   817, -6102,-14757
1218,   821, -6096,-14753
1229,   811, -6088,-14768
1241,   805, -6087,-14771
1248,   798, -6087,-14777
1258,   786, -6081,-14788
1270,   796, -6081,-14778
1279,   804, -6086,-14775
1288,   816, -6090,-14763
1298,   822, -6094,-14766
1308,   838, -6104,-14753
1318,   835, -6104,-14752
1328,   833, -6099,-14752
1338,   811, -6092,-14778
1348,   805, -6089,-14771
1358,   798, -6086,-14778
1368,   791, -6086,-14776
1378,   787, -6084,-14784
1388,   796, -6085,-14770
1398,   799, -6084,-14770
1408,   799, -6084,-14774
1418,   806, -6086,-14768
1428,   804, -6089,-14773
1438,   806, -6093,-14776
1448,   810, -6096,-14773
1458,   812, -6099,-14772
1468,   807, -6096,-14772
1478,   799, -6088,-14781
1488,   802, -6092,-14771
1499,   806, -6096,-14760
1508,   812, -6099,-14758
1523,   819, -6099,-14751
1529,   827, -6098,-14758
1538,   814, -6094,-14775
1553,   819, -6093,-14771
1559,   830, -6096,-14771
1568,   825, -6097,-14781
1579,   835, -6104,-14772
1589,   837, -6105,-14773
1601,   824, -6103,-14790
1610,   832, -6102,-14781
1620,   843, -6104,-14765
1632,   843, -6107,-14769
1639,   846, -6105,-14764
1655,   844, -6105,-14764
1663,   851, -6106,-14770
1669,   857, -6107,-14767
1678,   857, -6109,-14769
1689,   865, -6115,-14756
1698,   863, -6113,-14754
1709,   865, -6114,-14755
1719,   861, -6113,-14767
1729,   858, -6109,-14770
1739,   866, -6119,-14764
1748,   867, -6119,-14756
1759,   863, -6114,-14769
1769,   875, -6113,-14757
1783,   862, -6108,-14775
1789,   858, -6108,-14781
1798,   863, -6109,-14777
1808,   871, -6113,-14771
1819,   872, -6115,-14760
1829,   867, -6112,-14767
1839,   869, -6110,-14769
1850,   874, -6114,-14763
1859,   866, -6107,-14783
1869,   867, -6104,-14790
1880,   882, -6110,-14781
1889,   908, -6122,-14772
1898,   914, -6126,-14774
1911,   916, -6130,-14765
1919,   927, -6138,-14765
1929,   939, -6143,-14753
1940,   947, -6142,-14746
1949,   948, -6136,-14761
1958,   951, -6138,-14763
1982,   948, -6133,-14774
1989,   959, -6136,-14768
1995,   971, -6144,-14766
2001,   987, -6155,-14751
2009,  1011, -6171,-14725
2018,   988, -6157,-14757
2029,  1008, -6162,-14741
2039,  1013, -6156,-14748
2050,   979, -6137,-14800
2059,   954, -6118,-14807
2068,   935, -6101,-14833
