time,gyrx,gyry,gyrz
12,    -7,    24,   105
18,    -6,    29,   106
24,    -5,    30,   105
30,    -5,    31,   108
36,    -5,    31,   111
42,    -5,    30,   108
49,    -5,    31,   107
55,    -4,    31,   106
61,    -4,    31,   106
67,    -4,    30,   106
74,    -4,    29,   106
80,    -4,    29,   107
86,    -4,    30,   107
92,    -2,    29,    90
98,    -4,    32,   101
104,    -5,    34,   115
110,    -4,    32,   111
116,     0,    29,   112
122,    -4,    32,   119
128,    -5,    32,   125
134,    -4,    30,   112
140,    -4,    31,   107
146,    -4,    31,   106
151,    -4,    31,   106
157,    -4,    31,   106
163,    -4,    30,   106
169,    -4,    30,   106
176,    -4,    30,   106
181,    -4,    30,   106
187,    -4,    30,   106
193,    -4,    30,   106
198,    -4,    30,   106
204,    -4,    30,   106
210,    -3,    31,   106
215,    -3,    31,   106
221,    -3,    30,   107
227,    -3,    31,   107
233,    -3,    33,   102
239,     3,    48,   100
245,     3,    48,   105
251,     4,    50,   106
257,    -1,    38,   106
263,    -8,    19,   106
269,   -14,     4,   105
285,   -16,     1,   105
296,    -5,    28,   109
311,    -4,    29,   107
331,    -4,    30,   105
345,    -2,    30,    98
358,    -4,    31,   102
364,    -5,    32,   107
369,    -3,    32,   109
377,    -3,    29,   105
383,    -4,    30,   110
389,    -4,    31,   108
396,    -3,    31,   104
402,    -3,    31,   103
409,    -4,    30,   108
418,    -4,    30,   108
428,    -3,    31,   103
438,    -4,    30,   105
448,    -4,    30,   104
463,    -4,    30,   103
469,    -4,    30,   104
479,    -4,    31,   106
488,    -4,    30,   104
504,    -3,    30,    98
510,    -4,    29,   100
518,    -4,    32,    99
528,    -4,    31,   101
538,    -3,    31,   100
548,    -4,    31,   103
565,    -3,    30,   104
571,    -4,    30,   109
579,    -4,    30,   110
588,    -4,    29,   110
598,    -4,    30,   109
609,    -4,    30,   108
618,    -4,    30,   107
629,    -4,    30,   106
640,    -4,    30,   106
648,    -4,    30,   106
658,    -4,    30,   106
669,    -4,    30,   106
679,    -4,    30,   106
688,    -4,    30,   106
699,    -4,    30,   106
712,    -4,    30,   106
721,    -4,    30,   106
728,    -4,    30,   106
739,    -4,    30,   106
755,    -4,    30,   106
762,    -4,    30,   106
768,    -4,    30,   106
778,    -4,    30,   106
788,    -4,    30,   106
798,    -4,    30,   106
808,    -4,    30,   106
822,    -4,    30,   106
828,    -4,    30,   106
839,    -4,    30,   106
849,    -4,    30,   106
858,    -4,    30,   106
869,    -4,    30,   106
879,    -4,    30,   106
888,    -4,    30,   106
899,    -4,    30,   106
910,    -4,    30,   106
918,    -4,    30,   106
929,    -4,    30,   106
939,    -4,    30,   106
948,    -4,    30,   106
959,    -4,    30,   106
969,    -4,    30,   106
979,    -4,    30,   106
988,    -4,    30,   106
999,    -4,    30,   106
1008,    -4,    30,   106
1018,    -4,    30,   106
1029,    -4,    30,   106
1039,    -4,    30,   106
1049,    -4,    30,   106
1058,    -4,    30,   106
1069,    -4,    30,   106
1079,    -4,    30,   106
1090,    -4,    30,   106
1098,    -4,    30,   106
1108,    -4,    30,   106
1119,    -4,    30,   106
1128,    -4,    30,   106
1139,    -4,    30,   106
1148,    -4,    30,   106
1159,    -4,    30,   106
1171,    -4,    30,   106
1179,    -4,    30,   106
1192,    -4,    30,   106
1205,    -4,    30,   106
1211,    -4,    30,   106
1219,    -4,    30,   106
1228,    -4,    30,   106
1240,    -4,    30,   106
1248,    -4,    30,   106
1258,    -4,    30,   106
1274,    -4,    30,   106
1280,    -4,    30,   106
1289,    -4,    30,   106
1298,    -4,    30,   106
1309,    -4,    30,   106
1319,    -4,    30,   106
1329,    -4,    30,   106
1339,    -4,    30,   106
1349,    -4,    30,   106
1359,    -4,    30,   106
1369,    -4,    30,   106
1379,    -4,    30,   106
1395,    -4,    30,   106
1401,    -4,    30,   106
1408,    -4,    30,   106
1419,    -4,    30,   106
1428,    -4,    30,   106
1439,    -4,    30,   106
1457,    -4,    30,   106
1463,    -4,    30,   106
1470,    -4,    30,   106
1479,    -4,    30,   106
1489,    -4,    30,   106
1498,    -4,    30,   106
1513,    -4,    30,   106
1520,    -4,    30,   106
1530,    -4,    30,   106
1539,    -4,    30,   106
1553,    -4,    30,   106
1559,    -4,    30,   106
1569,    -4,    30,   106
1579,    -4,    30,   106
1589,    -4,    30,   106
1600,    -4,    30,   106
1609,    -4,    30,   106
1624,    -4,    30,   106
1630,    -4,    30,   106
1640,    -4,    30,   106
1649,    -4,    30,   106
1659,    -4,    30,   106
1669,    -4,    30,   106
1680,    -4,    30,   106
1689,    -4,    30,   106
1699,    -4,    30,   106
1710,    -4,    30,   106
1720,    -4,    30,   106
1729,    -4,    30,   106
1739,    -4,    30,   106
1749,    -4,    30,   106
1759,    -4,    30,   106
1769,    -4,    30,   106
1780,    -4,    30,   106
1789,    -4,    30,   106
1799,    -4,    30,   106
1809,    -4,    30,   106
1819,    -4,    30,   106
1829,    -4,    30,   106
1839,    -4,    30,   106
1849,    -4,    30,   106
1859,    -4,    30,   106
1870,    -4,    30,   106
1882,    -4,    30,   106
1896,    -4,    30,   106
1902,    -4,    30,   106
1910,    -4,    30,   106
1919,    -4,    30,   106
1929,    -4,    30,   106
1940,    -4,    30,   106
1949,    -4,    30,   106
1959,    -4,    30,   106
1969,    -4,    30,   106
1979,    -4,    30,   106
1990,    -4,    30,   106
1999,    -4,    30,   106
2009,    -4,    30,   106
2019,    -4,    30,   106
2029,    -4,    30,   106
2039,    -4,    30,   106
2049,    -4,    30,   106
2059,    -4,    31,   106
2069,    -4,    30,   106
2081,    -4,    30,   106
2089,    -4,    30,   106
2099,    -4,    30,   106
2109,    -4,    30,   106
2120,    -4,    30,   106
2129,    -4,    30,   106
2139,    -4,    30,   106
2149,    -4,    30,   106
2160,    -4,    30,   106
2170,    -4,    30,   106
2179,    -4,    30,   106
2190,    -4,    30,   106
2199,    -4,    30,   106
2209,    -4,    30,   106
2223,    -4,    30,   106
2234,    -4,    30,   106
2241,    -4,    30,   106
2249,    -4,    30,   106
2259,    -4,    30,   106
2273,    -4,    30,   106
2279,    -4,    30,   106
2290,    -4,    30,   106
2299,    -4,    30,   106
2309,    -4,    30,   106
2319,    -4,    30,   106
2330,    -4,    30,   106
2339,    -4,    30,   106
2349,    -4,    30,   106
2360,    -4,    30,   106
2369,    -4,    30,   106
2379,    -4,    30,   106
2389,    -4,    30,   106
2399,    -4,    31,   106
2409,    -4,    30,   106
2420,    -4,    30,   106
2429,    -4,    30,   106
2440,    -4,    30,   106
2449,    -4,    30,   106
2459,    -4,    30,   106
2470,    -4,    30,   106
2480,    -4,    30,   106
2489,    -4,    30,   106
2500,    -4,    30,   106
2510,    -4,    30,   106
2519,    -4,    30,   106
2529,    -4,    30,   106
2540,    -4,    30,   106
2551,    -4,    30,   106
2560,    -4,    30,   106
2570,    -4,    31,   106
2580,    -4,    30,   106
2590,    -4,    30,   106
2600,    -4,    30,   106
2611,    -4,    30,   106
2619,    -4,    30,   106
2629,    -4,    30,   106
2639,    -4,    30,   106
2649,    -4,    30,   106
2659,    -4,    30,   106
2669,    -4,    30,   106
2680,    -4,    30,   106
2689,    -4,    30,   106
2700,    -4,    30,   106
2709,    -4,    30,   106
2719,    -4,    30,   106
2731,    -4,    30,   106
2741,    -4,    30,   106
2760,    -4,    30,   106
2766,    -4,    30,   106
2772,    -4,    30,   106
2779,    -4,    30,   106
2790,    -4,    30,   106
2800,    -4,    30,   106
2810,    -4,    30,   106
2819,    -4,    30,   106
2830,    -4,    30,   106
2840,    -4,    30,   106
2864,    -4,    30,   106
2870,    -4,    30,   106
2876,    -4,    30,   106
2882,    -4,    30,   106
2890,    -4,    30,   106
2900,    -4,    30,   106
2910,    -4,    30,   106
2920,    -4,    30,   106
2932,    -4,    30,   106
2939,    -4,    30,   106
2950,    -4,    30,   106
2969,    -4,    30,   106
2975,    -4,    30,   106
2981,    -4,    30,   106
2989,    -4,    31,   106
3000,    -4,    30,   106
3010,    -4,    30,   106
3020,    -4,    30,   106
3030,    -4,    30,   106
3040,    -4,    30,   106
3049,    -4,    30,   106
3060,    -4,    30,   106
3070,    -4,    30,   106
3080,    -4,    30,   106
3090,    -4,    30,   106
3100,    -4,    30,   106
3111,    -4,    30,   106
3120,    -4,    30,   106
3130,    -4,    30,   106
3146,    -4,    30,   106
3153,    -4,    30,   106
3160,    -4,    30,   106
3170,    -4,    30,   106
3180,    -4,    30,   106
3190,    -4,    30,   106
3200,    -4,    30,   106
3210,    -4,    30,   106
3220,    -4,    30,   106
3236,    -4,    30,   106
3242,    -4,    30,   106
3250,    -4,    30,   106
3261,    -4,    30,   106
3270,    -4,    30,   106
3280,    -4,    30,   106
3290,    -4,    30,   106
3300,    -4,    30,   106
3310,    -4,    30,   106
3320,    -4,    30,   106
3330,    -4,    30,   106
3340,    -4,    30,   106
3350,    -4,    30,   106
3360,    -4,    30,   106
3370,    -4,    30,   106
3380,    -4,    30,   106
3390,    -4,    30,   106
3400,    -4,    30,   106
3410,    -4,    30,   106
3420,    -4,    30,   106
3430,    -4,    30,   106
3440,    -4,    30,   106
3451,    -4,    30,   106
3461,    -4,    30,   106
3470,    -4,    30,   106
3481,    -4,    30,   106
3490,    -4,    30,   106
3500,    -4,    30,   106
3510,    -4,    30,   106
3520,    -4,    30,   106
3535,    -4,    30,   106
3541,    -4,    30,   106
3551,    -4,    30,   106
3563,    -4,    30,   106
3570,    -4,    30,   106
3580,    -4,    30,   106
3596,    -4,    30,   106
3602,    -4,    30,   106
3610,    -4,    30,   106
3621,    -4,    30,   106
3630,    -4,    30,   106
3642,    -4,    30,   106
3650,    -4,    30,   106
3660,    -4,    30,   106
3670,    -4,    30,   106
3681,    -4,    30,   106
3691,    -4,    30,   106
3700,    -4,    30,   106
3711,    -4,    30,   106
3720,    -4,    30,   106
3730,    -4,    30,   106
3740,    -4,    30,   106
3750,    -4,    30,   106
3764,    -4,    30,   106
3770,    -4,    30,   106
3780,    -4,    30,   106
3795,    -4,    30,   106
3802,    -4,    30,   106
3811,    -4,    30,   106
3820,    -4,    30,   106
3831,    -4,    30,   106
3840,    -4,    30,   106
3851,    -4,    30,   106
3860,    -4,    30,   106
3870,    -4,    30,   106
3881,    -4,    30,   106
3890,    -4,    30,   106
3900,    -4,    30,   106
3910,    -4,    30,   106
3920,    -4,    30,   106
3930,    -4,    30,   106
3941,    -4,    30,   106
3950,    -4,    30,   106
3960,    -4,    30,   106
3970,    -4,    30,   106
3981,    -4,    30,   106
3990,    -4,    30,   106
4001,    -4,    30,   106
4011,    -4,    30,   106
4021,    -4,    30,   106
4030,    -4,    30,   106
4040,    -4,    30,   106
4052,    -4,    30,   106
4061,    -4,    30,   106
4071,    -4,    30,   106
4080,    -4,    30,   106
4091,    -4,    30,   106
4101,    -4,    30,   106
4110,    -4,    30,   106
4120,    -4,    30,   106
4131,    -4,    30,   106
4140,    -4,    30,   106
4151,    -4,    30,   106
4160,    -4,    30,   106
4171,    -4,    30,   106
4180,    -4,    30,   106
4192,    -4,    30,   106
4201,    -4,    30,   106
4218,    -4,    30,   106
4223,    -4,    30,   106
4231,    -4,    30,   106
4240,    -4,    30,   106
4251,    -4,    30,   106
4260,    -4,    30,   106
4272,    -4,    30,   106
4281,    -4,    30,   106
4290,    -4,    30,   106
4301,    -4,    30,   106
4315,    -4,    30,   106
4321,    -4,    30,   106
4331,    -4,    30,   106
4340,    -4,    30,   106
4351,    -4,    30,   106
4361,    -4,    30,   106
4371,    -4,    30,   106
4380,    -4,    30,   106
4390,    -4,    30,   106
4401,    -4,    30,   106
4410,    -4,    30,   106
4421,    -4,    30,   106
4430,    -4,    30,   106
4440,    -4,    30,   106
4451,    -4,    30,   106
4461,    -4,    30,   106
4471,    -4,    30,   106
4480,    -4,    30,   106
4491,    -4,    30,   106
4501,    -4,    30,   106
4511,    -4,    30,   106
4522,    -4,    30,   106
4531,    -4,    30,   106
4540,    -4,    30,   106
4550,    -4,    30,   106
4561,    -4,    30,   106
4571,    -4,    30,   106
4582,    -4,    30,   106
4591,    -4,    30,   106
4605,    -4,    30,   106
4615,    -4,    30,   106
4625,    -4,    30,   106
4632,    -4,    30,   106
4641,    -4,    30,   106
4651,    -4,    30,   106
4665,    -4,    30,   106
4672,    -4,    30,   106
4681,    -4,    30,   106
4691,    -4,    30,   106
4703,    -4,    30,   106
4711,    -4,    30,   106
4721,    -4,    30,   106
4731,    -4,    30,   106
4741,    -4,    30,   106
4753,    -4,    30,   106
4761,    -4,    30,   106
4771,    -4,    30,   106
4782,    -4,    30,   106
4805,    -4,    30,   106
4811,    -4,    30,   106
4817,    -4,    30,   106
4824,    -4,    30,   106
4832,    -4,    30,   106
4840,    -4,    30,   106
4852,    -4,    30,   106
4861,    -4,    30,   106
4871,    -4,    30,   106
4883,    -4,    30,   106
4891,    -4,    30,   106
4902,    -4,    30,   106
4911,    -4,    30,   106
4921,    -4,    30,   106
4932,    -4,    30,   106
4941,    -4,    30,   106
4954,    -4,    30,   106
4961,    -4,    30,   106
4971,    -4,    30,   106
4985,    -4,    30,   106
4996,    -4,    30,   106
5002,    -4,    30,   106
5011,    -4,    30,   106
5021,    -4,    30,   106
5031,    -4,    30,   106
5042,    -4,    30,   106
5051,    -4,    30,   106
5067,    -4,    30,   106
5073,    -4,    30,   106
5081,    -4,    30,   106
5091,    -4,    30,   106
5101,    -4,    30,   106
5122,    -4,    30,   106
5128,    -4,    30,   106
5134,    -4,    30,   106
5142,    -4,    30,   106
5151,    -4,    30,   106
5161,    -4,    30,   106
5171,    -4,    30,   106
5181,    -4,    30,   106
5191,    -4,    30,   106
5201,    -4,    30,   106
5211,    -4,    30,   106
5221,    -4,    30,   106
5231,    -4,    30,   106
5249,    -4,    30,   106
5255,    -4,    30,   106
5264,    -4,    30,   106
5272,    -4,    30,   106
5281,    -4,    30,   106
5291,    -4,    30,   106
5301,    -4,    30,   106
5311,    -4,    30,   106
5321,    -4,    30,   106
5332,    -4,    30,   106
5341,    -4,    30,   106
5351,    -4,    30,   106
5362,    -4,    30,   106
5371,    -4,    30,   106
5382,    -4,    30,   106
5391,    -4,    30,   106
5401,    -4,    30,   106
5411,    -4,    30,   106
5421,    -4,    30,   106
5431,    -4,    30,   106
5441,    -4,    30,   106
5451,    -4,    30,   106
5461,    -4,    30,   106
5472,    -4,    30,   106
5481,    -4,    30,   106
5491,    -4,    30,   106
5502,    -4,    30,   106
5511,    -4,    30,   106
5526,    -4,    30,   106
5532,    -4,    30,   106
5542,    -4,    30,   106
5551,    -4,    30,   106
5562,    -4,    31,   106
5571,    -4,    30,   106
5581,    -4,    30,   106
5592,    -4,    30,   106
5601,    -4,    30,   106
5611,    -4,    30,   106
5621,    -4,    30,   106
5631,    -4,    30,   106
5641,    -4,    30,   106
5651,    -4,    30,   106
5662,    -4,    30,   106
5672,    -4,    30,   106
5681,    -4,    30,   106
5691,    -4,    30,   106
5701,    -4,    30,   106
5712,    -4,    30,   106
5721,    -4,    30,   106
5731,    -4,    30,   106
5742,    -4,    30,   106
5751,    -4,    30,   106
5762,    -4,    30,   106
5771,    -4,    30,   106
5782,    -4,    30,   106
5791,    -4,    30,   106
5804,    -4,    30,   106
5812,    -4,    30,   106
5821,    -4,    30,   106
5834,    -4,    30,   106
5842,    -4,    30,   106
5855,    -4,    30,   106
5867,    -4,    30,   106
5874,    -4,    30,   106
5881,    -4,    30,   106
5892,    -4,    30,   106
5901,    -4,    30,   106
5912,    -4,    30,   106
5921,    -4,    30,   106
5932,    -4,    30,   106
5942,    -4,    30,   106
5952,    -4,    30,   106
5962,    -4,    30,   106
5972,    -4,    30,   106
5981,    -4,    30,   106
5992,    -4,    30,   106
6002,    -4,    30,   106
6011,    -4,    30,   106
6023,    -4,    30,   106
6033,    -4,    30,   106
6045,    -4,    30,   106
6052,    -4,    30,   106
6062,    -4,    30,   106
6076,    -4,    30,   106
6081,    -4,    30,   106
6092,    -4,    30,   106
6102,    -4,    30,   106
6116,    -4,    30,   106
6126,    -4,    30,   106
6133,    -4,    30,   106
6142,    -4,    30,   106
6152,    -4,    30,   106
6162,    -4,    30,   106
6172,    -4,    30,   106
6194,    -4,    30,   106
6207,    -4,    30,   106
6212,    -4,    30,   106
6219,    -4,    30,   106
6224,    -4,    30,   106
6232,    -4,    30,   106
6242,    -4,    30,   106
6252,    -4,    30,   106
6262,    -4,    30,   106
6275,    -4,    30,   106
6282,    -4,    30,   106
6294,    -4,    30,   106
6302,    -4,    30,   106
6322,    -4,    30,   106
6328,    -4,    30,   106
6335,    -4,    30,   106
6342,    -4,    30,   106
6352,    -4,    30,   106
6362,    -4,    30,   106
6372,    -4,    30,   106
6382,    -4,    30,   106
6393,    -4,    30,   106
6402,    -4,    30,   106
6412,    -4,    30,   106
6425,    -4,    30,   106
6436,    -4,    30,   106
6442,    -4,    30,   106
6452,    -4,    30,   106
6462,    -4,    30,   106
6473,    -4,    30,   106
6483,    -4,    30,   106
6494,    -4,    30,   106
6504,    -4,    30,   106
6516,    -4,    30,   106
6522,    -4,    30,   106
6532,    -4,    30,   106
6546,    -4,    30,   106
6554,    -4,    30,   106
6562,    -4,    30,   106
6572,    -4,    30,   106
6582,    -4,    30,   106
6593,    -4,    30,   106
6604,    -4,    30,   106
6612,    -4,    30,   106
6622,    -4,    30,   106
6632,    -4,    30,   106
6644,    -4,    30,   106
6652,    -4,    31,   106
6662,    -3,    31,   106
6674,    -4,    31,   106
6682,    -4,    29,   107
6692,    -4,    30,   106
6704,    -4,    31,   106
6715,    -4,    31,   106
6722,    -4,    30,   106
6732,    -4,    30,   106
6744,    -4,    30,   106
6754,    -4,    30,   106
6765,    -4,    30,   105
6773,    -3,    31,    98
6782,    -3,    29,    97
6796,    -3,    32,    95
6802,    -3,    30,    94
6812,    -3,    32,    87
6822,    -3,    31,    90
6844,    -3,    33,    92
6850,    -4,    32,   101
6855,    -3,    32,    99
6863,    -1,    37,   103
6872,     3,    48,   104
6882,     3,    46,   107
6892,     0,    41,   108
6903,     1,    43,   106
6912,    -1,    36,   104
6923,    -6,    24,   104
6932,    -8,    20,   104
6943,    -6,    25,   105
6952,    -2,    35,   106
6962,    -4,    30,   106
6972,    -6,    25,   106
6982,    -7,    24,   106
6993,    -5,    26,   106
7005,    -2,    35,   106
7015,     0,    39,   106
7026,     0,    40,   106
7032,     0,    39,   106
7043,     0,    40,   106
7052,     0,    40,   106
7062,    -1,    38,   106
7072,    -4,    31,   106
7083,    -5,    28,   106
7092,    -4,    30,   106
7102,    -3,    32,   106
7112,    -4,    30,   106
7123,    -4,    29,   106
7133,    -5,    28,   106
7142,    -5,    28,   106
7153,    -4,    29,   106
7162,    -5,    28,   106
7172,    -6,    26,   106
7183,    -7,    24,   106
7192,    -8,    21,   106
7203,    -9,    18,   105
7212,    -5,    27,   106
7222,    -1,    37,   106
7233,     3,    46,   106
7244,     8,    58,   107
7253,     9,    62,   107
7263,     8,    58,   107
7272,     0,    41,   106
7283,    -9,    18,   105
7293,    -8,    19,   101
7303,    -1,    39,   105
7313,    -5,    29,   105
7322,    -4,    32,   106
7333,    -3,    34,   106
7343,    -1,    38,   106
7352,     2,    47,   106
7362,     4,    53,   106
7372,    11,    69,   107
